id	skupina	starost	rojenec	spol	teza	visina	razpon	cevelj	lasje	oci	ociMati	ociOce	klicna
2	1	22	1	F	62	175	175						
3	1	20	2	F	63	178	175						
4	1	20	2	F	64	173	177						
5	1	20	1	F	65	179	182						
6	1	20	1	F	61	163	162						
7	1	20	1	F	66	168	170						
8	1	22	2	M	77	186	184						
9	1	20	1	F	53	165	169						
10	1	22	1	M	70	186	191						
11	1	20	1	F	55	172	174						
12	1	20	1	F	65	182	178						
13	1	19	1	F	60	171	169						
14	1	21	2	F	60	176	174						
15	1	20	1	F	52	158	152						
16	1	20	1	F	68	168	168						
17	2	20	2	F	48	164	163						
18	2	20	1	F	54	164	159						
19	2	20	1	F	68	163	161						
20	2	20	3	F	64	176	176						
21	2	21	2	F	70	178	174						
22	2	20	2	F	70	176	175						
23	2	21	2	F	63	171	177						
24	2	22	1	F	79	171	171						
25	2	21	2	F	70	184	189						
26	2	19	1	F	75	169	170						
27	2	20	1	F	65	171	164						
28	2	20	1	F	79	181	175						
29	2	20	3	M	73	175	176						
30	2	20	3	M	59	174	176						
31	2	20	3	F	63	170	175						
32	2	21	2	F	62	165	161						
33	2	21	1	M	86	191	191						
34	2	20	1	M	105	179	176						
35	3	20	1	F	60	166	168						
36	3	20	1	F	45	164							
37	3	20	2	F	65	162	161						
38	3	20	1	F	47	162	166						
39	3	20	1	F	60	180	181						
40	3	20	1	F	68	155	154						
41	3	20	1	F	60	167	164						
42	3	22	1	F	59	172	177						
43	3	21	1	F	60	162	162						
44	3	20	1	F	64	169	171						
45	3	20	3	M	71	184	189						
46	3	20	1	F	64	165	163						
47	3	20	2	F	56	168	166						
48	3	21	1	F	69	167	163						
2	4	20	2	F	73	180	188
3	4	20	2	F	55	163	164
4	4	20	2	F	56	161	164
5	4	20	1	F	57	165	162
6	4	20	1	F	65	160	166
7	4	20	1	F	72	172	177
8	4	20	1	F	70	170	169
9	4	20	1	F	56	160	156
10	4	20	2	M	68	173	177
11	4	20	2	F	60	171	168
12	4	21	1	F	57	167	174
13	4	21	2	F	63	159	159
14	4	20	1	F	58	172	166
15	4	20	2	F	65	173	172
